"Date","Region","Hospitalised","In ICU","Home Isolation","Healed","Dead","Tests"
2020-02-25,"Lombardia",76,21,109,0,6,3298
2020-02-25,"Veneto",14,5,18,0,1,2200
2020-02-25,"Emilia Romagna",12,2,9,0,0,148
2020-02-25,"Piemonte",2,0,1,0,0,141
2020-02-25,"Lazio",1,1,0,1,0,124
2020-02-25,"Toscana",2,0,0,0,0,140
2020-02-25,"Sicilia",1,0,0,0,0,5
2020-02-25,"Bolzano",1,0,0,0,0,1
2020-02-25,"Sardegna",0,0,0,0,0,1
2020-02-25,"Puglia",0,0,0,0,0,0
2020-02-25,"Umbria",0,0,0,0,0,0
2020-02-25,"Liguria",0,0,0,0,0,35
2020-02-25,"Valle D’Aosta",0,0,0,0,0,7
2020-02-25,"Friuli V.G.",0,0,0,0,0,86
2020-02-25,"Trento",0,0,0,0,0,3
2020-02-25,"Campania",0,0,0,0,0,10
2020-02-25,"Calabria",0,0,0,0,0,2
2020-02-25,"Molise",0,0,0,0,0,0
2020-02-25,"Basilicata",0,0,0,0,0,0
2020-02-25,"Abruzzo",0,0,0,0,0,5
2020-02-25,"Marche",0,0,0,0,0,18
2020-02-26,"Lombardia",79,25,145,0,9,3208
2020-02-26,"Veneto",16,8,45,0,2,4900
2020-02-26,"Emilia Romagna",20,3,23,0,1,577
2020-02-26,"Liguria",6,0,5,0,0,66
2020-02-26,"Piemonte",2,0,1,0,0,156
2020-02-26,"Lazio",0,0,0,3,0,124
2020-02-26,"Sicilia",1,0,2,0,0,5
2020-02-26,"Toscana",2,0,0,0,0,363
2020-02-26,"Bolzano",1,0,0,0,0,1
2020-02-26,"Marche",1,0,0,0,0,28
2020-02-26,"Sardegna",0,0,0,0,0,1
2020-02-26,"Puglia",0,0,0,0,0,0
2020-02-26,"Umbria",0,0,0,0,0,8
2020-02-26,"Valle D’Aosta",0,0,0,0,0,7
2020-02-26,"Friuli V.G.",0,0,0,0,0,114
2020-02-26,"Trento",0,0,0,0,0,3
2020-02-26,"Campania",0,0,0,0,0,10
2020-02-26,"Calabria",0,0,0,0,0,3
2020-02-26,"Molise",0,0,0,0,0,0
2020-02-26,"Basilicata",0,0,0,0,0,0
2020-02-26,"Abruzzo",0,0,0,0,0,13
2020-02-27,"Lombardia",172,41,136,40,14,3320
2020-02-27,"Veneto",19,8,82,0,2,6164
2020-02-27,"Emilia Romagna",36,6,54,0,1,1033
2020-02-27,"Liguria",9,0,10,0,0,78
2020-02-27,"Sicilia",1,0,1,2,0,5
2020-02-27,"Marche",2,1,0,0,0,46
2020-02-27,"Campania",2,0,1,0,0,10
2020-02-27,"Lazio",0,0,0,3,0,552
2020-02-27,"Toscana",2,0,0,0,0,410
2020-02-27,"Piemonte",2,0,0,0,0,156
2020-02-27,"Abruzzo",1,0,0,0,0,33
2020-02-27,"Bolzano",1,0,0,0,0,2
2020-02-27,"Puglia",1,0,0,0,0,0
2020-02-27,"Friuli V.G.",0,0,0,0,0,141
2020-02-27,"Trento",0,0,0,0,0,32
2020-02-27,"Calabria",0,0,0,0,0,14
2020-02-27,"Valle D’Aosta",0,0,0,0,0,9
2020-02-27,"Umbria",0,0,0,0,0,8
2020-02-27,"Sardegna",0,0,0,0,0,1
2020-02-27,"Molise",0,0,0,0,0,0
2020-02-27,"Basilicata",0,0,0,0,0,0
2020-02-28,"Lombardia",235,47,192,40,17,4835
2020-02-28,"Veneto",24,9,116,0,2,7414
2020-02-28,"Emilia Romagna",56,6,81,0,2,1277
2020-02-28,"Piemonte",7,0,4,0,0,227
2020-02-28,"Lazio",0,0,0,3,0,611
2020-02-28,"Toscana",5,0,2,1,0,437
2020-02-28,"Sicilia",1,0,1,2,0,5
2020-02-28,"Bolzano",1,0,0,0,0,2
2020-02-28,"Sardegna",0,0,0,0,0,1
2020-02-28,"Puglia",1,0,2,0,0,242
2020-02-28,"Umbria",0,0,0,0,0,8
2020-02-28,"Liguria",9,0,10,0,0,112
2020-02-28,"Valle D’Aosta",0,0,0,0,0,9
2020-02-28,"Friuli V.G.",0,0,0,0,0,169
2020-02-28,"Trento",0,0,0,0,0,32
2020-02-28,"Campania",2,0,2,0,0,213
2020-02-28,"Calabria",0,0,1,0,0,21
2020-02-28,"Molise",0,0,0,0,0,0
2020-02-28,"Basilicata",0,0,0,0,0,0
2020-02-28,"Abruzzo",1,0,0,0,0,33
2020-02-28,"Marche",3,2,1,0,0,47
2020-02-29,"Lombardia",256,80,216,40,23,5723
2020-02-29,"Veneto",24,11,154,0,2,8659
2020-02-29,"Emilia Romagna",86,11,116,0,4,1550
2020-02-29,"Liguria",4,1,33,4,0,121
2020-02-29,"Piemonte",7,0,4,0,0,308
2020-02-29,"Toscana",7,0,3,1,0,531
2020-02-29,"Marche",6,2,3,0,0,68
2020-02-29,"Puglia",1,0,2,0,0,252
2020-02-29,"Campania",3,0,10,0,0,373
2020-02-29,"Sicilia",1,0,1,2,0,6
2020-02-29,"Calabria",0,0,1,0,0,27
2020-02-29,"Lazio",3,0,0,3,0,679
2020-02-29,"Bolzano",1,0,0,0,0,16
2020-02-29,"Sardegna",0,0,0,0,0,1
2020-02-29,"Umbria",0,0,0,0,0,31
2020-02-29,"Valle D’Aosta",0,0,0,0,0,9
2020-02-29,"Friuli V.G.",0,0,0,0,0,189
2020-02-29,"Trento",0,0,0,0,0,43
2020-02-29,"Molise",0,0,0,0,0,0
2020-02-29,"Basilicata",0,0,0,0,0,32
2020-02-29,"Abruzzo",2,0,0,0,0,43
2020-03-01,"Lombardia",406,106,375,73,24,6879
2020-03-01,"Veneto",51,13,197,0,2,9056
2020-03-01,"Emilia Romagna",127,13,137,0,8,1795
2020-03-01,"Piemonte",11,2,36,0,0,362
2020-03-01,"Lazio",3,0,0,3,0,724
2020-03-01,"Toscana",7,0,5,1,0,572
2020-03-01,"Sicilia",1,0,6,2,0,291
2020-03-01,"Bolzano",1,0,0,0,0,20
2020-03-01,"Sardegna",0,0,0,0,0,29
2020-03-01,"Puglia",1,0,2,0,0,262
2020-03-01,"Umbria",0,0,2,0,0,35
2020-03-01,"Liguria",12,1,8,4,0,121
2020-03-01,"Valle D’Aosta",0,0,0,0,0,10
2020-03-01,"Friuli V.G.",0,0,6,0,0,243
2020-03-01,"Trento",0,0,0,0,0,122
2020-03-01,"Campania",4,0,13,0,0,373
2020-03-01,"Calabria",0,0,1,0,0,35
2020-03-01,"Molise",0,0,0,0,0,6
2020-03-01,"Basilicata",0,0,0,0,0,39
2020-03-01,"Abruzzo",3,0,2,0,0,52
2020-03-01,"Marche",12,5,8,0,0,101
