"Date","Region","Hospitalised","In ICU","Home Isolation","Healed","Dead","Tests"
2020-02-25,"Lombardia",76,21,109,0,6,3298
2020-02-25,"Veneto",14,5,18,0,1,2200
2020-02-25,"Emilia Romagna",12,2,9,0,0,148
2020-02-25,"Piemonte",2,0,1,0,0,141
2020-02-25,"Lazio",1,1,0,1,0,124
2020-02-25,"Toscana",2,0,0,0,0,140
2020-02-25,"Sicilia",1,0,0,0,0,5
2020-02-25,"Bolzano",1,0,0,0,0,1
2020-02-25,"Sardegna",0,0,0,0,0,1
2020-02-25,"Puglia",0,0,0,0,0,0
2020-02-25,"Umbria",0,0,0,0,0,0
2020-02-25,"Liguria",0,0,0,0,0,35
2020-02-25,"Valle D’Aosta",0,0,0,0,0,7
2020-02-25,"Friuli V.G.",0,0,0,0,0,86
2020-02-25,"Trento",0,0,0,0,0,3
2020-02-25,"Campania",0,0,0,0,0,10
2020-02-25,"Calabria",0,0,0,0,0,2
2020-02-25,"Molise",0,0,0,0,0,0
2020-02-25,"Basilicata",0,0,0,0,0,0
2020-02-25,"Abruzzo",0,0,0,0,0,5
2020-02-25,"Marche",0,0,0,0,0,18
2020-02-26,"Lombardia",3,4,36,0,3,-90
2020-02-26,"Veneto",2,3,27,0,1,2700
2020-02-26,"Emilia Romagna",8,1,14,0,1,429
2020-02-26,"Liguria",6,0,5,0,0,31
2020-02-26,"Piemonte",0,0,0,0,0,15
2020-02-26,"Lazio",-1,-1,0,2,0,0
2020-02-26,"Sicilia",0,0,2,0,0,0
2020-02-26,"Toscana",0,0,0,0,0,223
2020-02-26,"Bolzano",0,0,0,0,0,0
2020-02-26,"Marche",1,0,0,0,0,10
2020-02-26,"Sardegna",0,0,0,0,0,0
2020-02-26,"Puglia",0,0,0,0,0,0
2020-02-26,"Umbria",0,0,0,0,0,8
2020-02-26,"Valle D’Aosta",0,0,0,0,0,0
2020-02-26,"Friuli V.G.",0,0,0,0,0,28
2020-02-26,"Trento",0,0,0,0,0,0
2020-02-26,"Campania",0,0,0,0,0,0
2020-02-26,"Calabria",0,0,0,0,0,1
2020-02-26,"Molise",0,0,0,0,0,0
2020-02-26,"Basilicata",0,0,0,0,0,0
2020-02-26,"Abruzzo",0,0,0,0,0,8
2020-02-27,"Lombardia",93,16,-9,40,5,112
2020-02-27,"Veneto",3,0,37,0,0,1264
2020-02-27,"Emilia Romagna",16,3,31,0,0,456
2020-02-27,"Liguria",3,0,5,0,0,12
2020-02-27,"Sicilia",0,0,-1,2,0,0
2020-02-27,"Marche",1,1,0,0,0,18
2020-02-27,"Campania",2,0,1,0,0,0
2020-02-27,"Lazio",0,0,0,0,0,428
2020-02-27,"Toscana",0,0,0,0,0,47
2020-02-27,"Piemonte",0,0,-1,0,0,0
2020-02-27,"Abruzzo",1,0,0,0,0,20
2020-02-27,"Bolzano",0,0,0,0,0,1
2020-02-27,"Puglia",1,0,0,0,0,0
2020-02-27,"Friuli V.G.",0,0,0,0,0,27
2020-02-27,"Trento",0,0,0,0,0,29
2020-02-27,"Calabria",0,0,0,0,0,11
2020-02-27,"Valle D’Aosta",0,0,0,0,0,2
2020-02-27,"Umbria",0,0,0,0,0,0
2020-02-27,"Sardegna",0,0,0,0,0,0
2020-02-27,"Molise",0,0,0,0,0,0
2020-02-27,"Basilicata",0,0,0,0,0,0
2020-02-28,"Lombardia",63,6,56,0,3,1515
2020-02-28,"Veneto",5,1,34,0,0,1250
2020-02-28,"Emilia Romagna",20,0,27,0,1,244
2020-02-28,"Piemonte",5,0,4,0,0,71
2020-02-28,"Lazio",0,0,0,0,0,59
2020-02-28,"Toscana",3,0,2,1,0,27
2020-02-28,"Sicilia",0,0,0,0,0,0
2020-02-28,"Bolzano",0,0,0,0,0,0
2020-02-28,"Sardegna",0,0,0,0,0,0
2020-02-28,"Puglia",0,0,2,0,0,242
2020-02-28,"Umbria",0,0,0,0,0,0
2020-02-28,"Liguria",0,0,0,0,0,34
2020-02-28,"Valle D’Aosta",0,0,0,0,0,0
2020-02-28,"Friuli V.G.",0,0,0,0,0,28
2020-02-28,"Trento",0,0,0,0,0,0
2020-02-28,"Campania",0,0,1,0,0,203
2020-02-28,"Calabria",0,0,1,0,0,7
2020-02-28,"Molise",0,0,0,0,0,0
2020-02-28,"Basilicata",0,0,0,0,0,0
2020-02-28,"Abruzzo",0,0,0,0,0,0
2020-02-28,"Marche",1,1,1,0,0,1
2020-02-29,"Lombardia",21,33,24,0,6,888
2020-02-29,"Veneto",0,2,38,0,0,1245
2020-02-29,"Emilia Romagna",30,5,35,0,2,273
2020-02-29,"Liguria",-5,1,23,4,0,9
2020-02-29,"Piemonte",0,0,0,0,0,81
2020-02-29,"Toscana",2,0,1,0,0,94
2020-02-29,"Marche",3,0,2,0,0,21
2020-02-29,"Puglia",0,0,0,0,0,10
2020-02-29,"Campania",1,0,8,0,0,160
2020-02-29,"Sicilia",0,0,0,0,0,1
2020-02-29,"Calabria",0,0,0,0,0,6
2020-02-29,"Lazio",3,0,0,0,0,68
2020-02-29,"Bolzano",0,0,0,0,0,14
2020-02-29,"Sardegna",0,0,0,0,0,0
2020-02-29,"Umbria",0,0,0,0,0,23
2020-02-29,"Valle D’Aosta",0,0,0,0,0,0
2020-02-29,"Friuli V.G.",0,0,0,0,0,20
2020-02-29,"Trento",0,0,0,0,0,11
2020-02-29,"Molise",0,0,0,0,0,0
2020-02-29,"Basilicata",0,0,0,0,0,32
2020-02-29,"Abruzzo",1,0,0,0,0,10
2020-03-01,"Lombardia",150,26,159,33,1,1156
2020-03-01,"Emilia Romagna",41,2,21,0,4,245
2020-03-01,"Veneto",27,2,43,0,0,397
2020-03-01,"Piemonte",4,2,32,0,0,54
2020-03-01,"Liguria",8,0,-25,0,0,0
2020-03-01,"Marche",6,3,5,0,0,33
2020-03-01,"Campania",1,0,3,0,0,0
2020-03-01,"Toscana",0,0,2,0,0,41
2020-03-01,"Sicilia",0,0,5,0,0,285
2020-03-01,"Lazio",0,0,0,0,0,45
2020-03-01,"Friuli V.G.",0,0,6,0,0,54
2020-03-01,"Abruzzo",1,0,2,0,0,9
2020-03-01,"Puglia",0,0,0,0,0,10
2020-03-01,"Umbria",0,0,2,0,0,4
2020-03-01,"Bolzano",0,0,0,0,0,4
2020-03-01,"Calabria",0,0,0,0,0,8
2020-03-01,"Sardegna",0,0,0,0,0,28
2020-03-01,"Valle D’Aosta",0,0,0,0,0,1
2020-03-01,"Trento",0,0,0,0,0,79
2020-03-01,"Molise",0,0,0,0,0,6
2020-03-01,"Basilicata",0,0,0,0,0,7
2020-03-02,"Lombardia",72,21,97,66,14,1046
2020-03-02,"Emilia Romagna",21,3,23,0,3,178
2020-03-02,"Veneto",2,1,7,0,0,726
2020-03-02,"Piemonte",1,0,1,0,0,72
2020-03-02,"Liguria",0,0,-3,0,0,0
2020-03-02,"Marche",5,1,3,0,1,36
2020-03-02,"Campania",0,0,0,0,0,0
2020-03-02,"Toscana",0,0,0,0,0,41
2020-03-02,"Sicilia",1,0,-3,0,0,16
2020-03-02,"Lazio",0,0,1,0,0,49
2020-03-02,"Friuli V.G.",0,0,3,0,0,26
2020-03-02,"Abruzzo",0,0,0,0,0,0
2020-03-02,"Puglia",1,0,0,0,0,16
2020-03-02,"Umbria",0,0,0,0,0,0
2020-03-02,"Bolzano",0,0,0,0,0,0
2020-03-02,"Calabria",0,0,0,0,0,4
2020-03-02,"Sardegna",0,0,0,0,0,0
2020-03-02,"Valle D’Aosta",0,0,0,0,0,1
2020-03-02,"Trento",0,0,0,0,0,0
2020-03-02,"Molise",0,0,0,0,0,7
2020-03-02,"Basilicata",0,0,0,0,0,0
2020-03-03,"Lombardia",220,40,-11,0,17,1652
2020-03-03,"Emilia Romagna",39,8,27,4,7,39
2020-03-03,"Veneto",-4,5,25,7,1,394
2020-03-03,"Piemonte",1,1,3,0,0,24
2020-03-03,"Liguria",0,1,0,0,1,0
2020-03-03,"Marche",10,7,8,0,1,63
2020-03-03,"Campania",7,0,6,0,0,32
2020-03-03,"Toscana",3,0,3,0,0,84
2020-03-03,"Sicilia",0,0,0,0,0,0
2020-03-03,"Lazio",7,0,0,0,0,104
2020-03-03,"Friuli V.G.",1,0,3,0,0,85
2020-03-03,"Abruzzo",2,0,-1,0,0,0
2020-03-03,"Puglia",0,0,2,0,0,20
2020-03-03,"Umbria",1,1,4,0,0,10
2020-03-03,"Bolzano",0,0,0,0,0,0
2020-03-03,"Calabria",0,0,0,0,0,0
2020-03-03,"Sardegna",1,0,0,0,0,0
2020-03-03,"Valle D’Aosta",0,0,0,0,0,1
2020-03-03,"Trento",1,0,3,0,0,0
2020-03-03,"Molise",3,0,0,0,0,0
2020-03-03,"Basilicata",0,0,1,0,0,3
2020-03-04,"Lombardia",179,42,-50,111,18,2561
2020-03-04,"Emilia Romagna",69,2,47,2,4,488
2020-03-04,"Veneto",27,4,17,2,3,339
2020-03-04,"Marche",7,2,12,0,2,88
2020-03-04,"Piemonte",13,10,3,0,0,85
2020-03-04,"Toscana",5,2,12,0,0,79
2020-03-04,"Campania",0,0,1,0,0,24
2020-03-04,"Lazio",5,3,8,0,0,118
2020-03-04,"Liguria",-2,1,3,0,0,12
2020-03-04,"Sicilia",3,0,8,0,0,60
2020-03-04,"Friuli V.G.",2,0,3,0,0,22
2020-03-04,"Puglia",2,0,-1,1,1,24
2020-03-04,"Umbria",0,0,1,0,0,13
2020-03-04,"Abruzzo",2,0,-1,0,0,33
2020-03-04,"Trento",0,0,1,0,0,0
2020-03-04,"Molise",0,0,0,0,0,6
2020-03-04,"Sardegna",0,0,1,0,0,13
2020-03-04,"Bolzano",0,0,0,0,0,0
2020-03-04,"Calabria",0,0,0,0,0,7
2020-03-04,"Basilicata",0,0,0,0,0,6
2020-03-04,"Valle D’Aosta",0,0,0,0,0,3
2020-03-05,"Lombardia",292,35,-47,126,25,216
2020-03-05,"Emilia Romagna",71,6,65,4,8,384
2020-03-05,"Veneto",16,1,18,8,4,1434
2020-03-05,"Marche",23,4,13,0,0,125
2020-03-05,"Piemonte",17,4,3,0,2,0
2020-03-05,"Toscana",11,1,11,0,0,0
2020-03-05,"Campania",1,0,13,0,0,42
2020-03-05,"Lazio",5,4,5,0,0,180
2020-03-05,"Liguria",1,0,-1,0,2,13
2020-03-05,"Friuli V.G.",1,0,2,0,0,21
2020-03-05,"Sicilia",0,0,0,0,0,0
2020-03-05,"Puglia",1,1,3,0,0,37
2020-03-05,"Umbria",0,0,0,0,0,30
2020-03-05,"Abruzzo",1,0,0,0,0,11
2020-03-05,"Trento",1,0,1,0,0,0
2020-03-05,"Molise",1,0,3,0,0,5
2020-03-05,"Sardegna",1,0,-1,0,0,8
2020-03-05,"Valle D’Aosta",0,0,2,0,0,6
2020-03-05,"Bolzano",0,0,0,0,0,0
2020-03-05,"Calabria",1,0,0,0,0,7
2020-03-05,"Basilicata",0,0,0,0,0,6
2020-03-05,"Lombardia",453,65,-287,93,37,1202
2020-03-05,"Emilia Romagna",70,21,67,7,7,252
2020-03-05,"Veneto",25,3,46,5,2,1074
2020-03-05,"Marche",16,1,18,0,0,172
2020-03-05,"Piemonte",14,13,6,0,2,250
2020-03-05,"Toscana",9,2,7,0,0,321
2020-03-05,"Campania",0,0,12,0,0,0
2020-03-05,"Lazio",6,1,2,0,1,198
2020-03-05,"Liguria",1,2,0,1,0,83
2020-03-05,"Friuli V.G.",0,0,7,3,0,180
2020-03-05,"Sicilia",2,0,4,0,0,0
2020-03-05,"Puglia",0,0,3,0,0,36
2020-03-05,"Umbria",1,1,5,0,0,22
2020-03-05,"Abruzzo",1,0,0,0,0,0
2020-03-05,"Trento",2,0,1,0,0,0
2020-03-05,"Molise",-1,2,4,0,0,80
2020-03-05,"Sardegna",0,0,3,0,0,49
2020-03-05,"Valle D’Aosta",0,0,5,0,0,7
2020-03-05,"Bolzano",3,0,0,0,0,16
2020-03-05,"Calabria",1,0,1,0,0,46
2020-03-05,"Basilicata",1,0,1,0,0,9
